280	0.853693625
282	0.847518884
284	0.840044037
286	0.830805453
288	0.819840977
290	0.807817704
292	0.794839466
294	0.781068425
296	0.765788648
298	0.749345489
300	0.732691871
302	0.715981525
304	0.698169277
306	0.679334549
308	0.660652309
310	0.64263328
312	0.626279746
314	0.611828042
316	0.599236684
318	0.592177083
320	0.588134859
322	0.580995197
324	0.576463317
326	0.572753621
328	0.568524241
330	0.565670488
332	0.563466502
334	0.562081008
336	0.561396524
338	0.561212638
340	0.560918614
342	0.56106434
344	0.561496525
346	0.562599924
348	0.564131839
350	0.56557881
352	0.567456548
354	0.569608614
356	0.571706006
358	0.57411319
360	0.576531645
362	0.578618419
364	0.580209401
366	0.581462131
368	0.582435389
370	0.583090696
372	0.582914991
374	0.582665543
376	0.581652209
378	0.581722884
380	0.582127913
382	0.581082493
384	0.58022473
386	0.579424696
388	0.579071224
390	0.579211569
392	0.579593538
394	0.579821744
396	0.579733994
398	0.579113402
400	0.577999143
402	0.576915247
404	0.575656444
406	0.574054915
408	0.572799201
410	0.571629542
412	0.570747689
414	0.570278285
416	0.569736267
418	0.569250521
420	0.568252574
422	0.56628047
424	0.562656606
426	0.556768476
428	0.548857227
430	0.540144049
432	0.530955631
434	0.522074257
436	0.513853133
438	0.506182063
440	0.499100826
442	0.492366043
444	0.486455426
446	0.480920949
448	0.475637757
450	0.470826726
452	0.466213816
454	0.462004614
456	0.457934161
458	0.45382561
460	0.450048028
462	0.446627759
464	0.443340984
466	0.440282472
468	0.437084273
470	0.434014481
472	0.431028478
474	0.428421158
476	0.425729302
478	0.422841725
480	0.419966054
482	0.417351485
484	0.414980357
486	0.413034149
488	0.411370744
490	0.409754122
492	0.408282152
494	0.407016174
496	0.405641388
498	0.404132127
500	0.40300774
502	0.401846152
504	0.400756392
506	0.399415093
508	0.397882771
510	0.396619181
512	0.395531055
514	0.394379786
516	0.393374466
518	0.392195085
520	0.391152293
522	0.390092678
524	0.389145338
526	0.388250155
528	0.387261689
530	0.386204813
532	0.385574871
534	0.384431696
536	0.38367223
538	0.383000536
540	0.382064289
542	0.381382231
544	0.380609607
546	0.380006712
548	0.379171473
550	0.378481408
552	0.377929582
554	0.377210627
556	0.376667974
558	0.376122418
560	0.375483488
562	0.375329735
564	0.374847405
566	0.374448339
568	0.373836243
570	0.373361135
572	0.372966724
574	0.372665347
576	0.372231557
578	0.371733056
580	0.371417559
582	0.370879349
584	0.370585162
586	0.37029511
588	0.369887901
590	0.369639963
592	0.369100333
594	0.368914553
596	0.368653984
598	0.368348058
600	0.36793312
602	0.367750966
604	0.367303555
606	0.367041663
608	0.366746688
610	0.366304434
612	0.366020909
614	0.365340474
616	0.364813064
618	0.364130104
620	0.363577307
622	0.362700068
624	0.361828372
626	0.360946044
628	0.360310885
630	0.359301124
632	0.358775148
634	0.357742627
636	0.357149766
638	0.356606356
640	0.355784184
642	0.35507544
644	0.353982264
646	0.35267416
648	0.351348827
650	0.349590388
652	0.347952778
654	0.346277273
656	0.344310625
658	0.342750839
660	0.340995682
662	0.339389047
664	0.337813877
666	0.33657718
668	0.335008615
670	0.33375192
672	0.332705299
674	0.331745112
676	0.330911246
678	0.329702223
680	0.328964702
682	0.328093253
684	0.327251884
686	0.326472041
688	0.325926522
690	0.325257008
692	0.324604944
694	0.324236971
696	0.323610007
698	0.323235234
700	0.322824581
702	0.322513882
704	0.322073049
706	0.321606412
708	0.321362616
710	0.320989375
712	0.320897005
714	0.321039502
716	0.320939861
718	0.320600556
720	0.320537008
722	0.320283989
724	0.319924706
726	0.319635668
728	0.319374522
730	0.318944225
732	0.319115991
734	0.319020445
736	0.319242288
738	0.319609877
740	0.319739257
742	0.319382306
744	0.319285108
746	0.319006749
748	0.318875038
750	0.318935995
752	0.318788134
754	0.318650834
756	0.31911517
758	0.319585124
760	0.320266167
762	0.320677561
764	0.321254826
766	0.321690559
768	0.322042612
770	0.321926601
772	0.321744624
774	0.321377265
776	0.321252527
778	0.321388592
780	0.321503662
782	0.321604807
784	0.322490925
786	0.323584173
788	0.324728222
790	0.325361159
792	0.325864356
794	0.326751902
796	0.32705966
798	0.326771564
800	0.326389699
802	0.32592234
804	0.32562846
806	0.325469101
808	0.324901022
810	0.324916428
812	0.325610573
814	0.326951063
816	0.328062186
818	0.329006871
820	0.330547736
822	0.331800394
824	0.332534151
826	0.332465477
828	0.332150325
830	0.332262917
832	0.331689116
834	0.32985586
836	0.328835363
838	0.328353869
840	0.326980705
842	0.325672134
844	0.32575575
846	0.326905914
848	0.327561776
850	0.328420517
852	0.330387955
854	0.332618416
856	0.336983118
858	0.346183665
860	0.356230882
862	0.359109703
864	0.35640324
866	0.351155458
868	0.349080919
870	0.345508853
872	0.339193063
874	0.33820829
876	0.3418793
878	0.345843101
880	0.350390769
882	0.36032536
884	0.372046721
886	0.378829845
888	0.384053788
890	0.389229823
892	0.390087796
894	0.385065636
896	0.376913758
898	0.368734401
900	0.361261839
902	0.351625865
904	0.34493863
906	0.345293642
908	0.349776714
910	0.357541441
912	0.367081753
914	0.379389831
916	0.394828783
918	0.409850683
920	0.42231276
922	0.429728653
924	0.433426699
926	0.434148779
928	0.429465934
930	0.42218752
932	0.411775012
934	0.399610466
936	0.387347041
938	0.375961538
940	0.366047589
942	0.360283576
944	0.359634695
946	0.36325775
948	0.369552927
950	0.380014373
952	0.393129115
954	0.407566258
956	0.42106285
958	0.432899114
960	0.440557399
962	0.445994365
964	0.448982325
966	0.448413831
968	0.444650815
970	0.436528508
972	0.427558258
974	0.416839991
976	0.403994991
978	0.392465025
980	0.380859844
982	0.371560061
984	0.364641763
986	0.362146159
988	0.362539731
990	0.365964561
992	0.372789388
994	0.382943156
996	0.395352421
998	0.406472991
1000	0.417623855
1002	0.428117187
1004	0.439913102
1006	0.445470704
1008	0.449331814
1010	0.452177758
1012	0.452021189
1014	0.448901249
1016	0.444308697
1018	0.437282059
1020	0.4283774
1022	0.418832747
1024	0.408274378
1026	0.39753628
1028	0.386593766
1030	0.377561293
1032	0.369904092
1034	0.367146965
1036	0.365165616
1038	0.366879489
1040	0.371018524
1042	0.377871586
1044	0.386292342
1046	0.393080043
1048	0.402055227
1050	0.413712218
1052	0.423079713
1054	0.432715029
1056	0.438470531
1058	0.444812549
1060	0.449795551
1062	0.451466854
1064	0.453217399
1066	0.452187109
1068	0.448474497
1070	0.443224776
1072	0.435727139
1074	0.427621973
1076	0.420566098
1078	0.411831035
1080	0.403144542
1082	0.394984794
1084	0.387693255
1086	0.37891172
1088	0.374732717
1090	0.372545552
1092	0.370834873
1094	0.371421618
1096	0.37265257
1098	0.376074007
1100	0.383247617
